3.82E-15	4.37E-08	1
1.56E-07	0.89438856	0.44729084
0.85061413	0.27638108	0.44729084
0.5257086	-0.7235755	0.4472909
-0.5257085	-0.7235755	0.44729084
-0.85061413	0.2763814	0.4472909
-4.06E-08	-0.9822395	0.18763158
2.50E-08	-0.6070141	0.7946911
0.35679406	0.4910847	0.794691
0.57730484	-0.18757768	0.7946909
0.577346	0.79464835	0.18763156
-0.5773048	-0.18757758	0.79469097
-0.35679388	0.49108484	0.794691
-0.57734585	0.7946484	0.18763156
-0.9341653	-0.30352855	0.18763156
0.93416524	-0.30352876	0.18763155
-0.20845872	-0.2869187	0.9349987
-0.3982878	-0.54819596	0.7354236
-0.18983047	-0.83514994	0.51622564
0.18983047	-0.83514994	0.51622564
0.20845874	-0.28691873	0.9349987
0.3982879	-0.548196	0.73542356
0.6444432	0.20939218	0.73542356
0.33729333	0.10959322	0.9349987
-0.39831287	-0.902917	0.16151668
0.20847967	0.96459764	0.16151667
0.33731294	0.78723	0.51622564
0.644465	0.5640709	0.51622564
-0.6444431	0.20939235	0.7354236
-0.33729324	0.10959329	0.9349987
7.53E-08	0.35465112	0.9349987
1.29E-07	0.6776076	0.7354236
-0.20847946	0.9645977	0.16151668
-0.64446485	0.56407106	0.5162256
-0.33731273	0.7872302	0.51622564
-0.8529631	0.49635294	0.16151668
-0.73563987	-0.6578346	0.16151668
-0.73561406	-0.43861493	0.51622564
-0.8529357	-0.07753594	0.51622564
-0.9818106	0.099801354	0.16151668
0.39831284	-0.902917	0.16151668
0.85296327	0.49635273	0.16151668
0.8529357	-0.07753616	0.5162256
0.7356141	-0.438615	0.5162256
0.73563975	-0.65783465	0.16151667
0.9818106	0.0998011	0.16151668
-0.20781112	-0.49393013	0.844303
-0.40553844	-0.35027283	0.8443031
-0.20178314	-0.6828917	0.70209855
-0.38056198	-0.71987337	0.58047813
8.56E-09	-0.779984	0.6257994
-1.53E-08	-0.9085015	0.41788152
5.09E-09	-0.19606285	0.9805913
1.53E-08	-0.4051485	0.91425097
0.40553847	-0.3502729	0.84430295
0.20781116	-0.4939302	0.8443031
0.20178318	-0.6828917	0.70209855
0.38056207	-0.71987337	0.58047813
0.18646696	-0.060586747	0.9805913
0.3853193	-0.12519778	0.91425085
0.53397274	0.045007225	0.8443029
0.45844764	0.27744955	0.84430295
-0.20782879	-0.97605187	0.06426454
-0.20179263	-0.9333401	0.29691073
-0.3805723	-0.841075	0.3843927
0.40557203	0.91180116	0.06426453
0.38535005	0.87369865	0.29691067
0.18648224	0.9041386	0.3843926
0.5340039	0.7349931	0.4178815
0.45846328	0.6310203	0.6257994
0.56463975	0.43386582	0.70209855
0.73101217	0.358701	0.580478
-0.45844752	0.27744973	0.8443031
-0.5339727	0.045007337	0.84430295
-0.38531917	-0.12519771	0.91425085
-0.18646692	-0.060586713	0.9805913
0.11524295	0.15861826	0.9805913
0.23814043	0.32777205	0.91425085
-0.2381403	0.32777214	0.91425085
-0.11524286	0.15861827	0.9805913
-0.12220208	0.5217462	0.8443031
0.122202285	0.52174616	0.84430295
0.23814787	0.6710761	0.70209855
0.11525006	0.80607855	0.5804781
1.25E-07	0.96474165	0.26319876
8.69E-08	0.9989203	0.046456672
-0.40557197	0.9118012	0.06426454
-0.73101205	0.3587012	0.5804781
-0.5646397	0.433866	0.70209855
-0.18648198	0.9041388	0.38439265
-0.38534993	0.87369883	0.2969107
-0.5340038	0.7349932	0.41788146
-0.4584631	0.6310204	0.6257994
-0.23814765	0.67107624	0.7020985
-0.11524978	0.80607855	0.5804781
-0.80226076	0.45674932	0.3843926
-0.71185714	0.6364774	0.2969107
-0.7418459	0.6674839	0.06426455
-0.86405796	-0.4992734	0.06426454
-0.58715075	-0.80814344	0.04645669
-0.567061	-0.7804923	0.26319876
-0.56704026	-0.584389	0.58047813
-0.5871143	-0.40293223	0.70209855
-0.8253019	-0.48033398	0.2969107
-0.68230665	-0.62185204	0.3843926
-0.8640363	-0.2807423	0.4178815
-0.74180895	-0.24102823	0.6257994
-0.7118231	-0.01911792	0.7020986
-0.8022404	0.1394829	0.5804781
-0.91752374	0.29812166	0.26319876
-0.9500296	0.3086834	0.0464567
-0.95001656	-0.096501686	0.2969107
-0.9175131	0.102039315	0.38439256
-0.99250317	-0.10395962	0.06426454
0.38057235	-0.841075	0.38439265
0.20179263	-0.9333402	0.29691076
0.2078287	-0.9760519	0.06426455
0.74184597	0.66748375	0.064264536
0.7118573	0.63647723	0.2969107
0.80226094	0.45674902	0.3843926
0.8022405	0.13948266	0.5804781
0.7118232	-0.019118082	0.7020985
0.8640363	-0.28074244	0.41788143
0.74180895	-0.24102835	0.62579936
0.5871144	-0.40293232	0.7020984
0.5670403	-0.584389	0.5804781
0.56706095	-0.7804923	0.26319876
0.5871506	-0.8081435	0.046456683
0.8253019	-0.4803341	0.29691067
0.68230665	-0.62185204	0.38439256
0.8640579	-0.49927354	0.06426453
0.91751313	0.10203906	0.3843926
0.95001656	-0.09650193	0.2969107
0.9925031	-0.10395986	0.06426452
0.95002973	0.3086832	0.046456683
0.91752386	0.29812136	0.26319876
-0.3402869	-0.46836463	0.8153768
-0.27643362	-0.3804781	0.8825083
-0.13783512	-0.6002899	0.78781575
-0.2717957	-0.5803476	0.76767427
-0.2597077	-0.75268334	0.6049956
-0.32981855	-0.6561712	0.6787187
-0.06790332	-0.6965519	0.714286
-0.13175061	-0.7731251	0.6204188
0.06385383	-0.8488827	0.52471036
-0.06385383	-0.8488827	0.52471036
0.07011135	-0.2987066	0.95176613
-0.070111334	-0.29870656	0.95176613
-0.14004555	-0.39900476	0.9061912
-0.069931775	-0.50682443	0.8592081
0.14004557	-0.3990048	0.9061912
0.06993181	-0.5068245	0.85920805
0.340287	-0.46836466	0.81537676
0.27643368	-0.38047817	0.8825082
0.27179578	-0.5803477	0.76767427
0.13783516	-0.6002898	0.78781575
0.06790336	-0.6965519	0.714286
0.13175063	-0.7731251	0.6204188
0.32981858	-0.65617126	0.6787187
0.25970772	-0.75268346	0.60499555
0.06261216	-0.086178176	0.9943104
0.13283315	-0.18282905	0.9741298
0.30575255	-0.025625577	0.9517661
0.26242137	-0.15898526	0.95176613
0.33619976	-0.25649047	0.9061911
0.46040878	-0.22312647	0.85920805
0.42275265	0.00989193	0.9061911
0.50362897	-0.09010833	0.8592079
0.4472791	0.14532971	0.8825083
0.5505958	0.17889933	0.81537676
-0.06993803	-0.99515283	0.06913393
-0.34031367	-0.9387411	0.054329943
-0.27181387	-0.946147	0.1758496
-0.1378446	-0.9730833	0.18468286
-0.06790663	-0.95035076	0.3036808
-0.13175395	-0.9006215	0.41415194
-0.3298342	-0.90047497	0.28346813
-0.2597146	-0.8776822	0.40276828
-0.3198573	-0.8059285	0.49816734
-0.43209866	-0.767102	0.47417846
0.14005904	0.98896205	0.048348073
0.2764588	0.9594888	0.054329913
0.4604455	0.86826384	0.18468283
0.33622938	0.9252171	0.17584956
0.3057753	0.86271614	0.40276816
0.26244462	0.92237127	0.28346813
0.50366473	0.8087644	0.30368075
0.42278102	0.806061	0.4141519
0.55061966	0.6492281	0.52471036
0.447302	0.7242928	0.5247103
0.56102014	0.54803026	0.6204187
0.46435797	0.5236097	0.714286
0.46435258	0.40462714	0.7878157
0.5610072	0.30975357	0.76767415
0.65252423	0.45628121	0.6049955
0.65251666	0.33699116	0.6787186
-0.63593286	0.079155825	0.7676742
-0.613503	-0.054410703	0.7878157
-0.44727892	0.14532983	0.8825082
-0.5505957	0.17889948	0.8153768
-0.42275265	0.009892014	0.90619123
-0.5036289	-0.09010824	0.85920805
-0.4604087	-0.22312638	0.85920805
-0.33619973	-0.2564904	0.9061912
-0.3057525	-0.025625521	0.95176613
-0.2624213	-0.1589852	0.95176613
-0.13283314	-0.18282904	0.9741298
-0.062612146	-0.08617817	0.9943104
0.10130862	0.032917183	0.9943104
0.21492858	0.06983452	0.9741298
0.11885418	0.28286916	0.95176613
0.23229669	0.20044833	0.95176613
0.34782845	0.24048495	0.9061911
0.35448006	0.36892474	0.85920805
-0.3544799	0.36892486	0.85920805
-0.3478283	0.24048507	0.9061912
3.00E-08	0.10652218	0.9943104
5.51E-08	0.22598924	0.9741298
-0.11885404	0.28286922	0.95176613
-0.23229659	0.2004484	0.95176613
-0.2149285	0.06983456	0.9741298
-0.10130857	0.0329172	0.9943104
-0.24132791	0.45113453	0.85920805
-0.121229865	0.4051184	0.9061912
0.121230036	0.40511838	0.9061912
0.24132809	0.45113447	0.85920805
1.16E-07	0.5789306	0.8153768
9.77E-08	0.47029695	0.88250834
0.12123262	0.62926865	0.76767427
0.2413307	0.5666621	0.78781575
0.35448813	0.60343486	0.7142861
0.34784317	0.70291233	0.6204187
0.11885918	0.7247161	0.6787187
0.23230846	0.76158595	0.60499555
0.21494307	0.8400172	0.49816722
0.10131633	0.8745798	0.47417843
-0.07011848	0.9848708	0.1584708
0.062617525	0.92785686	0.3676421
0.13284576	0.9530424	0.27214405
0.07011869	0.98487073	0.15847078
-0.14005888	0.98896205	0.048348077
-0.27645868	0.95948887	0.054329928
-0.6525241	0.45628142	0.6049955
-0.6525166	0.33699137	0.6787186
-0.5610071	0.30975375	0.76767427
-0.4643524	0.40462735	0.78781575
-0.06261726	0.92785686	0.3676421
-0.1328455	0.9530423	0.27214405
-0.3057751	0.86271626	0.4027682
-0.26244438	0.92237127	0.2834681
-0.3362292	0.92521715	0.17584957
-0.46044546	0.8682639	0.18468285
-0.42278087	0.80606115	0.41415185
-0.5036646	0.80876446	0.30368078
-0.56101996	0.5480303	0.62041867
-0.46435785	0.5236099	0.71428597
-0.44730183	0.7242929	0.5247103
-0.5506195	0.6492282	0.5247103
-0.347843	0.70291245	0.6204187
-0.35448796	0.60343504	0.714286
-0.24133047	0.5666622	0.78781575
-0.12123239	0.62926865	0.7676742
-0.10131605	0.8745798	0.47417846
-0.21494281	0.84001726	0.49816722
-0.23230824	0.7615862	0.6049955
-0.11885893	0.7247162	0.6787187
1.36E-07	0.7701627	0.6378476
1.45E-07	0.8416522	0.5400199
-0.80046636	0.36661753	0.47417846
-0.7324828	0.46400255	0.49816722
-0.7961273	0.5346279	0.28346807
-0.7260021	0.5574035	0.4027682
-0.63596314	0.65117514	0.41415182
-0.61353976	0.7289355	0.30368075
-0.7760332	0.6056809	0.1758496
-0.6834826	0.706218	0.18468285
-0.82709765	0.55942625	0.054329943
-0.6415171	0.76398706	0.06913392
-0.5283552	0.84620404	0.06913392
-0.78763324	-0.6137443	0.054329943
-0.6946075	-0.7177624	0.048348088
-0.46798733	-0.8824116	0.04834809
-0.6356197	-0.7555624	0.15847081
-0.5221654	-0.8379918	0.15847081
-0.4527099	-0.84911203	0.27214408
-0.49472213	-0.78745747	0.36764213
-0.49471083	-0.6809109	0.5400199
-0.45269027	-0.6230746	0.6378476
-0.63559043	-0.47958857	0.60499555
-0.5221365	-0.516444	0.6787187
-0.467954	-0.4378303	0.7676742
-0.5283162	-0.31658867	0.78781575
-0.88286096	-0.43179712	0.18468285
-0.8158443	-0.5508857	0.1758496
-0.59603167	-0.6479977	0.47417846
-0.6676423	-0.5532478	0.49816722
-0.7544693	-0.51822186	0.4027682
-0.7544784	-0.591953	0.28346813
-0.6676587	-0.6929426	0.27214402
-0.59603924	-0.7138463	0.3676421
-0.8828531	-0.3582574	0.30368078
-0.8158278	-0.4036127	0.4141519
-0.6945725	-0.36421096	0.62041867
-0.641477	-0.2798262	0.714286
-0.68344355	-0.15066637	0.714286
-0.77599883	-0.11360642	0.62041867
-0.8270673	-0.20159048	0.52471036
-0.7876035	-0.32304764	0.5247103
-0.79609853	0.014404798	0.60499555
-0.72597545	0.110908054	0.6787187
-0.7324682	0.23799343	0.6378476
-0.8004588	0.26008493	0.54002
-0.8630945	0.34627634	0.36764213
-0.8653455	0.42085004	0.27214402
-0.9583355	0.23765516	0.15847081
-0.91499984	0.3710286	0.1584708
-0.8972782	0.43881008	0.048348103
-0.9248217	-0.22909144	0.3036808
-0.8972562	-0.15300182	0.4141519
-0.9017942	0.22717099	0.36764213
-0.9474486	0.16816269	0.27214405
-0.958327	0.03542897	0.2834681
-0.9149816	-0.024215387	0.40276816
-0.86532485	0.05515685	0.49816725
-0.86308324	0.17390272	0.47417846
-0.92483467	-0.37403396	0.069133915
-0.96805865	-0.24100403	0.069133915
-0.9680536	-0.16960117	0.18468285
-0.9838344	-0.033865094	0.1758496
-0.9838394	0.17240219	0.048348095
-0.99795854	0.033570603	0.05432993
0.43209872	-0.767102	0.47417846
0.31985733	-0.80592847	0.49816728
0.32983422	-0.90047497	0.28346813
0.2597146	-0.8776822	0.40276828
0.13175394	-0.9006215	0.41415194
0.06790659	-0.95035076	0.3036808
0.27181384	-0.946147	0.1758496
0.13784452	-0.9730833	0.18468288
0.06993791	-0.99515283	0.06913392
0.3403136	-0.9387412	0.05432995
0.5283553	0.8462039	0.069133915
0.6415173	0.76398695	0.0691339
0.82709783	0.5594261	0.05432994
0.7760334	0.6056808	0.1758496
0.6834827	0.7062178	0.18468285
0.61353993	0.7289354	0.30368078
0.6359633	0.651175	0.4141519
0.79612744	0.53462774	0.2834681
0.7260023	0.5574033	0.40276816
0.73248297	0.46400228	0.49816722
0.8004665	0.36661726	0.47417843
0.80045885	0.26008466	0.5400199
0.73246825	0.23799323	0.63784754
0.7960987	0.014404587	0.6049955
0.7259756	0.110907845	0.6787186
0.635933	0.079155676	0.76767415
0.61350304	-0.054410826	0.78781563
0.7759989	-0.1136066	0.62041867
0.68344367	-0.1506665	0.7142859
0.78760356	-0.32304776	0.52471024
0.8270673	-0.20159063	0.5247103
0.69457257	-0.36421105	0.6204186
0.64147705	-0.27982628	0.7142859
0.52831626	-0.31658873	0.78781563
0.46795407	-0.43783033	0.76767415
0.63559055	-0.47958863	0.6049955
0.52213657	-0.516444	0.67871857
0.45269036	-0.6230746	0.63784754
0.4947109	-0.6809108	0.54002
0.4947222	-0.7874575	0.36764213
0.4527099	-0.8491121	0.27214405
0.6356196	-0.7555625	0.15847081
0.5221654	-0.83799183	0.15847082
0.46798727	-0.88241166	0.04834809
0.88285303	-0.35825762	0.30368075
0.8158278	-0.40361273	0.41415182
0.59603924	-0.7138463	0.36764213
0.6676586	-0.6929427	0.27214405
0.7544783	-0.591953	0.2834681
0.7544694	-0.5182219	0.4027682
0.6676423	-0.5532478	0.4981672
0.5960317	-0.6479977	0.47417843
0.8828609	-0.43179727	0.18468283
0.8158442	-0.5508858	0.17584956
0.6946074	-0.71776253	0.048348088
0.7876332	-0.6137444	0.054329924
0.92483455	-0.37403414	0.0691339
0.86308324	0.17390244	0.47417843
0.865325	0.055156603	0.49816728
0.958327	0.035428718	0.2834681
0.9149816	-0.024215627	0.40276816
0.8972562	-0.15300204	0.41415188
0.9248216	-0.22909161	0.30368075
0.9838344	-0.033865348	0.17584959
0.9680535	-0.1696014	0.18468283
0.9680586	-0.24100429	0.0691339
0.99795854	0.033570357	0.054329924
0.9838394	0.17240195	0.048348084
0.8972783	0.4388099	0.048348088
0.90179425	0.2271707	0.36764213
0.9474487	0.16816242	0.27214405
0.9583356	0.23765491	0.15847081
0.91499996	0.37102833	0.15847081
0.86534566	0.4208498	0.27214408
0.86309457	0.34627602	0.36764213